[
    {
        "name": "test1",
        "parent_frame": "base_link",
        "frame": "tool0",
        "position": {
            "x": 0.19244949268617623,
            "y": -0.46698580087327923,
            "z": 0.498745853110251
        },
        "orientation": {
            "qx": 0.9995182409827256,
            "qy": -0.017602573063780273,
            "qz": 0.007762352411052144,
            "qw": -0.02435531254940104
        },
        "transform": [
            [
                0.99925828,
                -0.0348604,
                0.01635955,
                0.19244347
            ],
            [
                -0.03561613,
                -0.99819115,
                0.04843467,
                -0.46699308
            ],
            [
                0.01464151,
                -0.04898141,
                -0.99869237,
                0.49872635
            ],
            [
                0.0,
                0.0,
                0.0,
                1.0
            ]
        ]
    },
    {
        "name": "test11",
        "parent_frame": "base_link",
        "frame": "tool0",
        "position": {
            "x": 0.19244949268617623,
            "y": -0.46698580087327923,
            "z": 0.498745853110251
        },
        "orientation": {
            "qx": 0.9995182409827256,
            "qy": -0.017602573063780273,
            "qz": 0.007762352411052144,
            "qw": -0.02435531254940104
        },
        "transform": [
            [
                0.9986931292713352,
                0.04841388356499894,
                0.01637465799284979,
                0.19244949268617623
            ],
            [
                -0.04896043306684837,
                0.9981939363443105,
                0.034810076692779586,
                -0.46698580087327923
            ],
            [
                -0.014659793318281643,
                -0.035566294769138675,
                0.9992597906131618,
                0.498745853110251
            ],
            [
                0.0,
                0.0,
                0.0,
                1.0
            ]
        ]
    },
    {
        "name": "test1",
        "parent_frame": "base_link",
        "frame": "tool0",
        "position": {
            "x": 0.1924846323795093,
            "y": -0.4669865697488583,
            "z": 0.4987155034807703
        },
        "orientation": {
            "qx": 0.9995185674647444,
            "qy": -0.017709814596587947,
            "qz": 0.008012407840114505,
            "qw": -0.02418257804253531
        },
        "transform": [
            [
                0.9987020084796407,
                0.0480580750107172,
                0.016873638759790713,
                0.1924846323795093
            ],
            [
                -0.0486256680399999,
                0.9982031307723424,
                0.03501505567549123,
                -0.4669865697488583
            ],
            [
                -0.015160562865387438,
                -0.03579009838709999,
                0.9992443275751163,
                0.4987155034807703
            ],
            [
                0.0,
                0.0,
                0.0,
                1.0
            ]
        ]
    },
    {
        "name": "newpoint",
        "parent_frame": "base_link",
        "frame": "tool0",
        "position": {
            "x": 0.22883397079036005,
            "y": -0.5496166905980435,
            "z": 0.29971027603214306
        },
        "orientation": {
            "qx": 0.9926695109717367,
            "qy": -0.10273834027808097,
            "qz": 0.047906300469145784,
            "qw": -0.04191732099500453
        },
        "transform": [
            [
                0.9918958491519233,
                0.07337646546858674,
                0.10372327969420471,
                0.22883397079036005
            ],
            [
                -0.0930637206648391,
                0.975375543275014,
                0.1999542284548844,
                -0.5496166905980435
            ],
            [
                -0.08649721574248341,
                -0.20798664355267768,
                0.9742996396245304,
                0.29971027603214306
            ],
            [
                0.0,
                0.0,
                0.0,
                1.0
            ]
        ]
    }
]